Ju =

    0.0871


Jt =

    2.5806


Ja =

    0.2881


Jper =

   1.9479e+10


Jver =

     0


JinVel =

     0


J =

   1.9479e+10


meanInitVel =

     0


v_er =

     0


p_er =

   -1.3748
%%%%%%%%%%%%%%%%%%%%%%%%%%%%%%%%%%%%%%%%%%%%%%%%%%%%
MinFitness_phenotype =

   -0.0014    0.0307    1.9502    0.6829

Elapsed time is 35076.221035 seconds.
Target 1

Ju =

  667.9384


Jt =

   18.4642


Ja =

    0.0332


Jper =

  163.1483


Jver =

   3.4177e+03


JinVel =

   9.6656e+03


J =

   1.3933e+04


meanInitVel =

    0.0938


v_er =

    0.1821


p_er =

  -1.2582e-04

Target 2

Ju =

   1.3537e+03


Jt =

   21.2680


Ja =

    0.0459


Jper =

  199.6127


Jver =

  451.7798


JinVel =

   1.2125e+04


J =

   1.4152e+04


meanInitVel =

    0.1177


v_er =

    0.0662


p_er =

  -1.3917e-04

Elapsed time is 35076.714391 seconds.
