Ju =

    0.2613


Jt =

    2.5806


Ja =

    0.2881


Jper =

   1.9479e+10


Jver =

     0


JinVel =

     0


J =

   1.9479e+10


meanInitVel =

     0


v_er =

     0


p_er =

   -1.3748
%%%%%%%%%%%%%%
MinFitness_phenotype =

   -0.0021    1.0411    1.8474    0.0144

Elapsed time is 32089.477958 seconds.
Target 1

Ju =

  592.5617


Jt =

    5.5706


Ja =

   1.2339e-05


Jper =

    0.4801


Jver =

   9.0434e+04


JinVel =

   1.2373e+05


J =

   2.1477e+05


meanInitVel =

    1.2006


v_er =

    0.9368


p_er =

  -6.8252e-06

Target 2

Ju =

   3.9762e+03


Jt =

    6.9528


Ja =

   2.3929e-05


Jper =

  293.6821


Jver =

   6.3381e+04


JinVel =

   1.2373e+05


J =

   1.9139e+05


meanInitVel =

    1.2006


v_er =

    0.7842


p_er =

  -1.6881e-04

Elapsed time is 32090.102569 seconds.
