Ju =

    0.0871


Jt =

   12.9029


Ja =

    0.2881


Jper =

   1.9479e+10


Jver =

     0


JinVel =

     0


J =

   1.9479e+10


meanInitVel =

     0


v_er =

     0


p_er =

   -1.3748
%%%%%%%%%%%%%%%%%%%%%%%%%%%%%%%%%%%%%%%%%%%%%%%%%%%%%%%%%%%%%%%%%%%%%%%%%%%%%%%
MinFitness_phenotype =

   -0.0001    0.0246    1.8511    0.7336

Elapsed time is 38208.519125 seconds.
Target 1

Ju =

  577.3984


Jt =

   28.6885


Ja =

    0.0298


Jper =

    0.0013


Jver =

   1.1049e+04


JinVel =

   1.1471e+04


J =

   2.3126e+04


meanInitVel =

    0.1113


v_er =

    0.3274


p_er =

   3.5887e-07

Target 2

Ju =

   1.8529e+03


Jt =

   28.6885


Ja =

    0.0904


Jper =

    0.4667


Jver =

   1.0586e+04


JinVel =

   1.0998e+04


J =

   2.3466e+04


meanInitVel =

    0.1067


v_er =

    0.3205


p_er =

   6.7297e-06
